Effective d.f. and 5% critical values:
    a  m p nu_star nu ratio   cv
 0.90 10 1    6.59  8 0.824 2.73
 0.90 20 1   14.42 18 0.801 1.91
 0.90 50 1   37.53 48 0.782 1.48
 0.90 30 2   21.03 27 0.779 1.69
 0.75 10 1    5.19  8 0.648 3.19
 0.75 20 1   10.45 18 0.580 2.16
 0.75 50 1   28.88 48 0.602 1.56
 0.75 30 2   15.99 27 0.592 1.84
 0.50 10 1    3.25  8 0.406 4.82
 0.50 20 1    7.10 18 0.394 2.61
 0.50 50 1   18.36 48 0.382 1.76
 0.50 30 2   11.17 27 0.414 2.10

Rejection rate at 5% by LTS alpha (MC SE 0.0034):
   n p    scenario rate.0.9 rate.0.75 rate.0.5
  30 1    H0_clean   0.0580    0.0520   0.0472
  60 1    H0_clean   0.0560    0.0525   0.0447
 150 1    H0_clean   0.0447    0.0563   0.0530
  90 2    H0_clean   0.0462    0.0490   0.0532
  30 1 H0_outliers   0.2600    0.0930   0.0688
  60 1 H0_outliers   0.2757    0.0800   0.0725
 150 1 H0_outliers   0.2015    0.0828   0.0653
  90 2 H0_outliers   0.2345    0.0825   0.0750
  30 1       H0_t5   0.0910    0.0675   0.0602
  60 1       H0_t5   0.0902    0.0693   0.0628
 150 1       H0_t5   0.0993    0.0777   0.0717
  90 2       H0_t5   0.0860    0.0725   0.0648
  30 1    H1_clean   0.3420    0.2595   0.1467
  60 1    H1_clean   0.7338    0.5890   0.3902
 150 1    H1_clean   0.9948    0.9742   0.8605
  90 2    H1_clean   0.9060    0.7945   0.6270
  30 1 H1_outliers   0.4585    0.2988   0.1710
  60 1 H1_outliers   0.6990    0.5445   0.3792
 150 1 H1_outliers   0.9403    0.9523   0.8255
  90 2 H1_outliers   0.8075    0.7538   0.5877
