   n p    scenario  KaH3 V2_a75 BAMSET_3 EvansKing   HMC BRW_White BF_3parts
  30 1    H0_clean 0.000  0.000    0.997     0.000 0.000     0.997     0.000
  60 1    H0_clean 0.000  0.000    0.000     0.000 0.000     0.000     0.000
 150 1    H0_clean 0.000  0.001    0.000     0.001 0.001     0.001     0.001
  90 2    H0_clean 0.000  0.000    0.001     0.000 0.000     0.000     0.000
  30 1 H0_outliers 1.000  0.001    1.000     0.998 0.998     0.996     0.000
  60 1 H0_outliers 0.004  0.001    0.004     0.002 0.001     0.000     0.000
 150 1 H0_outliers 0.003  0.002    0.003     0.001 0.001     0.001     0.000
  90 2 H0_outliers 0.999  0.000    1.000     0.000 0.000     0.001     0.001
  30 1       H0_t5 0.001  0.000    0.002     0.000 0.000     0.000     0.000
  60 1       H0_t5 0.000  0.000    0.000     0.000 0.000     0.000     0.000
 150 1       H0_t5 0.000  0.997    0.000     0.001 0.001     0.000     0.000
  90 2       H0_t5 0.000  0.001    0.997     0.000 0.000     0.000     0.000
  30 1    H1_clean 0.998  0.002    0.999     0.999 0.999     0.002     0.998
  60 1    H1_clean 1.000  0.998    1.000     1.000 1.000     0.001     0.998
 150 1    H1_clean 1.000  1.000    1.000     1.000 1.000     1.000     1.000
  90 2    H1_clean 1.000  0.999    1.000     1.000 1.000     0.002     1.000
  30 1 H1_outliers 0.999  0.001    1.000     0.997 0.997     0.996     0.001
  60 1 H1_outliers 0.003  0.998    0.004     0.003 0.002     0.003     0.001
 150 1 H1_outliers 0.004  1.000    1.000     0.999 0.002     1.000     0.002
  90 2 H1_outliers 0.999  0.002    1.000     0.002 0.001     0.999     0.002
NA counts:
     KaH3    V2_a75  BAMSET_3 EvansKing       HMC BRW_White BF_3parts 
        0         0         0         0         0         0         0 
