   n p    scenario  KaH3 V2_a90 V2_a75 V2_a75_kc V2_a75_bs    GQ BP_Koenker
  30 1    H0_clean 0.055  0.063  0.051     0.076     0.013 0.049      0.058
  60 1    H0_clean 0.055  0.047  0.041     0.045     0.013 0.056      0.061
 150 1    H0_clean 0.050  0.051  0.057     0.061     0.025 0.049      0.052
  90 2    H0_clean 0.038  0.040  0.046     0.056     0.015 0.046      0.045
  30 1 H0_outliers 0.724  0.246  0.097     0.106     0.013 0.484      0.038
  60 1 H0_outliers 0.778  0.272  0.080     0.087     0.017 0.563      0.040
 150 1 H0_outliers 0.770  0.204  0.073     0.074     0.032 0.557      0.047
  90 2 H0_outliers 0.777  0.249  0.080     0.082     0.010 0.564      0.036
  30 1       H0_t5 0.138  0.086  0.065     0.092     0.018 0.120      0.061
  60 1       H0_t5 0.222  0.107  0.070     0.083     0.024 0.166      0.055
 150 1       H0_t5 0.267  0.085  0.070     0.066     0.029 0.188      0.039
  90 2       H0_t5 0.217  0.097  0.095     0.097     0.030 0.173      0.036
  30 1    H1_clean 0.438  0.362  0.277     0.300     0.123 0.541      0.542
  60 1    H1_clean 0.833  0.730  0.574     0.556     0.377 0.899      0.903
 150 1    H1_clean 1.000  0.998  0.983     0.978     0.956 1.000      1.000
  90 2    H1_clean 0.953  0.892  0.776     0.773     0.601 0.976      0.931
  30 1 H1_outliers 0.709  0.480  0.306     0.317     0.074 0.515      0.080
  60 1 H1_outliers 0.732  0.697  0.554     0.530     0.304 0.550      0.064
 150 1 H1_outliers 0.734  0.955  0.959     0.948     0.885 0.525      0.061
  90 2 H1_outliers 0.762  0.810  0.754     0.723     0.498 0.553      0.061
 White MGQ_Rana2008 WK_2006 Zhou_2015 LiYao_2019 BAMSET_3 EvansKing   HMC
 0.043        0.121   0.019     0.068      0.000    0.220     0.049 0.056
 0.061        0.199   0.037     0.045      0.000    0.207     0.053 0.058
 0.042        0.220   0.042     0.044      0.000    0.198     0.054 0.052
 0.046        0.201   0.027     0.052      0.000    0.316     0.045 0.053
 0.059        0.146   0.001     0.172      0.305    0.832     0.309 0.322
 0.048        0.214   0.016     0.130      0.656    0.844     0.344 0.322
 0.038        0.242   0.030     0.083      0.937    0.810     0.299 0.303
 0.057        0.226   0.025     0.112      0.799    0.862     0.342 0.311
 0.050        0.162   0.023     0.083      0.008    0.373     0.117 0.130
 0.046        0.210   0.027     0.051      0.028    0.433     0.146 0.160
 0.045        0.237   0.032     0.057      0.074    0.417     0.141 0.154
 0.044        0.202   0.030     0.064      0.044    0.485     0.125 0.145
 0.395        0.507   0.262     0.154      0.000    0.827     0.744 0.658
 0.773        0.778   0.561     0.200      0.000    0.962     0.968 0.923
 0.999        0.987   0.964     0.273      0.000    1.000     1.000 0.999
 0.798        0.886   0.746     0.135      0.001    0.996     0.997 0.978
 0.077        0.473   0.070     0.170      0.257    0.863     0.461 0.426
 0.075        0.774   0.367     0.140      0.563    0.824     0.439 0.400
 0.062        0.981   0.913     0.099      0.876    0.816     0.443 0.402
 0.075        0.876   0.589     0.129      0.696    0.871     0.483 0.421
 BRW_White BF_3parts
     0.033     0.057
     0.045     0.046
     0.049     0.047
     0.030     0.039
     0.032     0.094
     0.043     0.082
     0.053     0.068
     0.051     0.118
     0.033     0.056
     0.055     0.055
     0.038     0.041
     0.035     0.063
     0.151     0.305
     0.494     0.713
     0.954     0.998
     0.489     0.901
     0.162     0.157
     0.462     0.180
     0.946     0.269
     0.492     0.264
NA counts:
        KaH3       V2_a90       V2_a75    V2_a75_kc    V2_a75_bs           GQ 
           0            0            0            0            0            0 
  BP_Koenker        White MGQ_Rana2008      WK_2006    Zhou_2015   LiYao_2019 
           0            0            0            0            0            0 
    BAMSET_3    EvansKing          HMC    BRW_White    BF_3parts 
           0            0            0            0            0 
MC SE at 5% with R = 1000 : 0.0069 
