 shape   outl   n  KaH3 KaHrobust    GQ BAMSET    BP White EvansKing  MGQ
  none   none  30 0.049     0.051 0.041  0.058 0.039 0.037     0.043 0.14
  none   none  60 0.053     0.052 0.044  0.054 0.047 0.041     0.055 0.19
  none   none 150 0.053     0.045 0.052  0.053 0.058 0.046     0.057 0.22
  none centre  30 0.653     0.460 0.051  0.738 0.000 0.035     0.019 0.13
  none centre  60 0.962     0.685 0.046  0.975 0.000 0.455     0.260 0.18
  none centre 150 1.000     0.991 0.054  1.000 0.000 0.994     0.776 0.22
  none random  30 0.264     0.115 0.211  0.298 0.063 0.047     0.152 0.16
  none random  60 0.242     0.085 0.171  0.249 0.051 0.049     0.143 0.19
  none random 150 0.215     0.084 0.172  0.232 0.055 0.043     0.136 0.24
     U   none  30 0.590     0.274 0.096  0.481 0.232 0.658     0.094 0.15
     U   none  60 0.925     0.588 0.123  0.886 0.222 0.927     0.056 0.20
     U   none 150 1.000     0.984 0.104  1.000 0.237 1.000     0.006 0.22
     U centre  30 0.054     0.053 0.093  0.071 0.124 0.219     0.078 0.15
     U centre  60 0.118     0.037 0.132  0.119 0.177 0.439     0.075 0.19
     U centre 150 0.210     0.042 0.125  0.179 0.164 0.799     0.024 0.23
     U random  30 0.343     0.250 0.094  0.313 0.179 0.439     0.081 0.18
     U random  60 0.596     0.504 0.096  0.547 0.184 0.709     0.044 0.23
     U random 150 0.943     0.946 0.113  0.938 0.196 0.985     0.019 0.25
 bulge   none  30 0.367     0.266 0.074  0.332 0.004 0.188     0.096 0.13
 bulge   none  60 0.734     0.585 0.106  0.724 0.000 0.757     0.259 0.21
 bulge   none 150 0.988     0.970 0.097  0.987 0.000 1.000     0.822 0.24
 bulge centre  30 0.515     0.375 0.080  0.496 0.002 0.217     0.081 0.12
 bulge centre  60 0.871     0.731 0.102  0.857 0.001 0.802     0.354 0.20
 bulge centre 150 1.000     0.996 0.097  1.000 0.001 1.000     0.935 0.21
 bulge random  30 0.276     0.208 0.083  0.253 0.006 0.117     0.086 0.15
 bulge random  60 0.572     0.458 0.076  0.564 0.002 0.502     0.204 0.22
 bulge random 150 0.952     0.908 0.092  0.950 0.005 0.988     0.566 0.26
  mono   none  30 0.421     0.273 0.539  0.403 0.535 0.355     0.736 0.47
  mono   none  60 0.827     0.543 0.896  0.792 0.884 0.739     0.965 0.77
  mono   none 150 1.000     0.974 1.000  1.000 0.999 0.998     1.000 0.98
  mono centre  30 0.895     0.709 0.563  0.885 0.027 0.043     0.634 0.48
  mono centre  60 0.999     0.943 0.904  0.999 0.097 0.410     0.999 0.78
  mono centre 150 1.000     1.000 0.999  1.000 0.479 0.997     1.000 0.99
  mono random  30 0.338     0.262 0.264  0.337 0.125 0.089     0.333 0.45
  mono random  60 0.378     0.548 0.347  0.371 0.218 0.162     0.450 0.76
  mono random 150 0.596     0.958 0.602  0.593 0.486 0.390     0.654 0.97
 WhiteLTS    WK
    0.024 0.025
    0.036 0.035
    0.030 0.039
    0.029 0.000
    0.057 0.006
    0.075 0.031
    0.041 0.023
    0.031 0.010
    0.054 0.028
    0.262 0.021
    0.610 0.033
    0.975 0.019
    0.072 0.024
    0.090 0.027
    0.255 0.037
    0.177 0.025
    0.406 0.031
    0.840 0.031
    0.214 0.013
    0.676 0.023
    0.991 0.034
    0.250 0.012
    0.737 0.027
    0.997 0.025
    0.143 0.015
    0.420 0.036
    0.916 0.052
    0.156 0.262
    0.455 0.545
    0.958 0.952
    0.166 0.053
    0.554 0.389
    0.991 0.944
    0.166 0.079
    0.494 0.283
    0.969 0.758
