   n p   m nu nu_star  reps size05 size01    ks_p
  15 1   5  3    1.71 10000 0.0444 0.0064 0.01644
  21 1   7  5    3.54 10000 0.0500 0.0090 0.24435
  30 2  10  7    4.22 10000 0.0493 0.0081 0.20296
  45 3  15 11    6.51 10000 0.0485 0.0088 0.82757
  60 1  20 18   10.49 10000 0.0447 0.0079 0.13493
  90 2  30 27   16.20 10000 0.0458 0.0090 0.35475
 150 3  50 46   27.16 10000 0.0507 0.0090 0.97255
 300 1 100 98   56.28 10000 0.0514 0.0099 0.81397
  24 2   8  5    3.56 10000 0.0470 0.0091 0.00653
  36 3  12  8    4.99 10000 0.0439 0.0074 0.77303
  75 1  25 23   13.93 10000 0.0556 0.0123 0.15188
 120 2  40 37   22.62 10000 0.0498 0.0102 0.53558

MC standard error with R = 10000 : 5% size 0.0022 ; 1% size 0.001 
